00 228127954
01 230843382
02 261605393
03 247505901
04 205288203
05 283846304
06 266967291
07 302653193
08 346099808
09 345525066
10 395736602
11 415245248
12 464589965
13 527901247
14 678032050
15 588953396
16 608582644
17 528233857
18 589198195
19 512541606
20 502632375
21 526623540
22 290497981
23 233581561
17 639562468
08 418552703
18 643698614
09 489694985
19 593477568
00 318704686
10 459982191
01 301149800
20 490156413
11 539749254
02 290331276
21 281866097
12 554190616
03 289730517
13 679393865
04 269593917
22 394948172
14 693865746
05 253221265
23 334962465
15 743908313
06 311453957
16 683619678
07 299440134
17 628430139
08 580848707
18 587418989
09 506674261
19 459205863
00 384929069
10 537405375
01 339433289
20 507233978
11 564977559
02 301775059
21 444069933
12 595344818
03 330819532
13 685299307
04 393264588
22 375521797
14 734039454
05 340193304
23 225499869
15 623892113
06 467638824
16 597326745
07 501070918
17 690458098
08 517759581
18 558066953
09 584596952
19 545675008
00 435723739
10 553117271
01 330262737
20 578871093
11 643967054
02 355123758
21 504241862
12 580545300
03 317643909
13 669356431
04 338274737
22 442511350
14 629075150
05 364339668
23 350925433
15 730179805
06 312450953
16 622226772
07 396616325
17 596211781
08 413772451
18 601689294
09 517405515
19 599381522
00 332129721
10 532558831
01 341634222
20 552842920
11 518404196
02 346104102
21 595219315
12 574484592
03 410597993
13 679177244
04 372986667
22 415594142
14 603846261
05 364587798
23 357384687
15 726723650
06 311361924
16 722586267
07 431986768
17 488398441
08 257264004
18 414011261
09 272897005
19 398034871
00 300098819
10 229541755
01 247668027
20 307535851
11 309455266
02 277987873
21 227849981
12 301492997
03 299863017
13 350517502
04 235969458
22 400928493
14 416372059
05 201368409
23 389121894
15 435059334
06 245543953
16 411345897
07 211072278
17 386652394
08 249206947
18 287151342
09 218607063
19 325370848
00 214904648
10 296563100
01 272012471
20 338023750
11 253238752
02 207485180
21 253469655
12 238438802
03 263421432
13 303047279
04 244977022
22 245533710
14 326108668
05 239376073
23 254873349
15 437041526
06 254720618
16 360074640
07 233287934
17 639095242
08 550171933
18 530645999
09 481027029
19 597555344
00 284310848
10 490218224
01 311018845
20 549690265
11 496315099
02 323609110
21 594918533
12 690230768
03 304941857
13 713003432
04 266441231
22 182868155
14 702304988
05 264822464
23 279069932
15 656321591
06 322920260
16 686751545
07 362352715
17 661561228
08 563136729
18 578962421
09 625090261
19 796962673
00 412302228
10 602546004
01 368480193
20 636422545
11 1420172595
02 440908882
21 541382928
12 1080067846
03 449123145
13 826105292
04 385184525
22 477057410
14 668362881
05 452726289
23 396945568
15 742895833
06 2713439082
16 729104623
07 427085295
17 626519776
08 514119777
18 640307843
09 583995179
19 523493306
00 481182131
10 547050242
01 367478922
20 492315877
11 640019120
02 451134854
21 497633773
12 654335204
03 483875091
13 704679297
04 400476898
22 381353827
14 800865813
05 415754029
23 409056853
15 736556392
06 399912522
16 589119432
07 398639363
17 642850416
08 611023278
18 760147794
09 647544891
19 589552083
00 464986257
10 631928591
01 403133111
20 620131009
11 671087110
02 326648764
21 536998764
12 648637483
03 418899077
13 682042397
04 409741607
22 460586059
14 858836642
05 411851818
23 373834882
15 678246603
06 439934777
16 652072179
07 517462484
17 750234499
08 556153008
18 693589944
09 539491929
19 786362543
00 386978407
10 500794403
01 482853511
20 701071871
11 571221115
02 440821716
21 592920517
12 672226059
03 343625090
13 706676925
04 300131828
22 353296177
14 852646192
05 353357150
23 319818879
15 882996694
06 344797517
16 835050644
07 476962165
17 448189136
08 340929946
18 486310356
09 407874770
19 450735054
00 376337713
10 411189672
01 382907153
20 407607301
11 386525491
02 449078785
21 368217887
12 430175788
03 384689930
13 444041925
04 447633362
22 528211726
14 381994840
05 361153582
23 412511919
15 471126555
06 373955965
16 456144685
07 346413705
17 463852298
08 307490183
18 574160221
09 265533460
19 485425716
00 266927078
10 272640050
01 299525728
20 375184264
11 294956571
02 287125379
21 361042575
12 510358077
03 315336585
13 518056520
04 295149556
22 319408080
14 446901588
05 279591480
23 312620840
15 424782528
06 40932593
16 510472846
07 254184906
17 480335838
08 246796715
18 537272667
09 256243085
19 587339773
00 378794917
10 220684525
01 180342900
20 532652948
11 92833012
02 117841547
21 438621070
12 482523736
03 230578650
13 643154558
04 135820526
22 315201789
14 514076494
05 238146190
23 284312512
15 574896909
06 326476860
16 560075733
07 214507441
17 697968652
08 600807827
18 645530300
09 711023367
19 816045463
00 398678317
10 628946811
01 454713450
20 736602861
11 685721475
02 504807321
21 1738362275
12 759023552
03 498817491
13 798644808
04 487703281
22 447313539
14 716931076
05 498363655
23 404254542
15 761680438
06 532692820
16 768207097
07 547538015
17 804384394
08 852666151
18 762832769
09 845578183
19 634958059
00 547830539
10 867055953
01 473673886
20 580315220
11 828062102
02 442265746
21 662044257
12 1137247252
03 470131664
13 1029413074
04 434304539
22 613948263
14 885512944
05 472125293
23 510330623
15 898966272
06 577344489
16 906326613
07 702006777
17 1107242518
08 244280279
18 1213630445
09 320388485
19 1220490704
00 337199317
10 551458505
01 388504385
20 1059824823
11 514686889
02 357439297
21 979491300
12 616410631
03 362446872
13 687911047
04 313092244
22 369828127
14 677922069
05 316284855
23 376832718
15 687036942
06 273445788
16 942994335
07 317218011
17 1256695494
08 933899127
18 1313022183
09 1050063274
19 1173395332
00 855142960
10 1027568505
01 823765178
20 1210594126
11 1165521474
02 776723888
21 985376959
12 1259557168
03 818609190
13 1297101896
04 688291158
22 898160211
14 1320854531
05 655317584
23 801343544
15 1363584816
06 767004221
16 1372864448
07 848937719
17 976153615
08 771923500
18 915880261
09 714586816
19 874458700
00 654621345
10 711562933
01 847369158
20 723159329
11 617964208
02 697110403
21 760449825
12 688173358
03 621298830
13 831085450
04 616435215
22 986075519
14 913170062
05 499227274
23 785928047
15 927828089
06 478448925
16 1006533399
07 645540964
17 837462665
08 577217768
18 898857522
09 631774736
19 838332010
00 567823132
10 699858622
01 542571375
20 821951269
11 743398325
02 637634586
21 763820123
12 735762650
03 570077719
13 749184893
04 534626342
22 807600383
14 830571087
05 523163374
23 648999029
15 873395047
06 487364601
16 871988092
07 570932155
17 1196791120
08 1092599320
18 938331534
09 1169662179
19 883554592
00 671657032
10 1167245611
01 806449783
20 941063906
11 1324173410
02 923814164
21 855750770
12 1275936435
03 827291658
13 1313879407
04 856257907
22 767846757
14 1293023024
05 854767735
23 692278114
15 1378189853
06 845924813
16 1427085794
07 989695022
17 529329134
08 329892615
18 505185888
09 400387726
19 464999724
00 287680489
10 347766756
01 277571035
20 408315312
11 387003244
02 330161190
21 359256605
12 444817188
03 279389526
13 444777154
04 306755989
22 353140806
14 557015054
05 226823927
23 322185049
15 569218379
06 261148516
16 505876783
07 246276671
17 313976960
08 202239221
18 396271308
09 241954034
19 425213412
00 266137196
10 184797044
01 200771584
20 309152137
11 222053328
02 204033186
21 257652618
12 243156345
03 257112864
13 299142731
04 222705777
22 259079956
14 348484789
05 206378540
23 290530219
15 317896789
06 153545127
16 388121188
07 193207685
17 402583185
08 179827417
18 336494849
09 211307726
19 306024333
00 204565106
10 245502085
01 246944156
20 292598202
11 255044932
02 248260918
21 272043545
12 220575610
03 247605369
13 266868018
04 241787053
22 216785946
14 355087322
05 232151563
23 243334923
15 315330206
06 231982818
16 364587570
07 160691214
17 528233857
08 346099808
18 589198195
09 345525066
19 512541606
00 228127954
10 395736602
01 230843382
20 502632375
11 415245248
02 261605393
21 526623540
12 464589965
03 247505901
13 527901247
04 205288203
22 290497981
14 678032050
05 283846304
23 233581561
15 588953396
06 266967291
16 608582644
07 302653193
17 639562468
08 418552703
18 643698614
09 489694985
19 593477568
00 318704686
10 459982191
01 301149800
20 490156413
11 539749254
02 290331276
21 281866097
12 554190616
03 289730517
13 679393865
04 269593917
22 394948172
14 693865746
05 253221265
23 334962465
15 743908313
06 311453957
16 683619678
07 299440134
17 639562468
08 418552703
18 643698614
09 489694985
19 593477568
00 318704686
10 459982191
01 301149800
20 490156413
11 539749254
02 290331276
21 281866097
12 554190616
03 289730517
13 679393865
04 269593917
22 394948172
14 693865746
05 253221265
23 334962465
15 743908313
06 311453957
16 683619678
07 299440134
17 628430139
08 580848707
18 587418989
09 506674261
19 459205863
00 384929069
10 537405375
01 339433289
20 507233978
11 564977559
02 301775059
21 444069933
12 595344818
03 330819532
13 685299307
04 393264588
22 375521797
14 734039454
05 340193304
23 225499869
15 623892113
06 467638824
16 597326745
07 501070918
17 690458098
08 517759581
18 558066953
09 584596952
19 545675008
00 435723739
10 553117271
01 330262737
20 578871093
11 643967054
02 355123758
21 504241862
12 580545300
03 317643909
13 669356431
04 338274737
22 442511350
14 629075150
05 364339668
23 350925433
15 730179805
06 312450953
16 622226772
07 396616325
17 596211781
08 413772451
18 601689294
09 517405515
19 599381522
00 332129721
10 532558831
01 341634222
20 552842920
11 518404196
02 346104102
21 595219315
12 574484592
03 410597993
13 679177244
04 372986667
22 415594142
14 603846261
05 364587798
23 357384687
15 726723650
06 311361924
16 722586267
07 431986768
17 488398441
08 257264004
18 414011261
09 272897005
19 398034871
00 300098819
10 229541755
01 247668027
20 307535851
11 309455266
02 277987873
21 227849981
12 301492997
03 299863017
13 350517502
04 235969458
22 400928493
14 416372059
05 201368409
23 389121894
15 435059334
06 245543953
16 411345897
07 211072278
17 386652394
08 249206947
18 287151342
09 218607063
19 325370848
00 214904648
10 296563100
01 272012471
20 338023750
11 253238752
02 207485180
21 253469655
12 238438802
03 263421432
13 303047279
04 244977022
22 245533710
14 326108668
05 239376073
23 254873349
15 437041526
06 254720618
16 360074640
07 233287934
17 639095242
08 550171933
18 530645999
09 481027029
19 597555344
00 284310848
10 490218224
01 311018845
20 549690265
11 496315099
02 323609110
21 594918533
12 690230768
03 304941857
13 713003432
04 266441231
22 182868155
14 702304988
05 264822464
23 279069932
15 656321591
06 322920260
16 686751545
07 362352715
17 661561228
08 563136729
18 578962421
09 625090261
19 796962673
00 412302228
10 602546004
01 368480193
20 636422545
11 1420172595
02 440908882
21 541382928
12 1080067846
03 449123145
13 826105292
04 385184525
22 477057410
14 668362881
05 452726289
23 396945568
15 742895833
06 2713439082
16 729104623
07 427085295
17 626519776
08 514119777
18 640307843
09 583995179
19 523493306
00 481182131
10 547050242
01 367478922
20 492315877
11 640019120
02 451134854
21 497633773
12 654335204
03 483875091
13 704679297
04 400476898
22 381353827
14 800865813
05 415754029
23 409056853
15 736556392
06 399912522
16 589119432
07 398639363
17 642850416
08 611023278
18 760147794
09 647544891
19 589552083
00 464986257
10 631928591
01 403133111
20 620131009
11 671087110
02 326648764
21 536998764
12 648637483
03 418899077
13 682042397
04 409741607
22 460586059
14 858836642
05 411851818
23 373834882
15 678246603
06 439934777
16 652072179
07 517462484
17 750234499
08 556153008
18 693589944
09 539491929
19 786362543
00 386978407
10 500794403
01 482853511
20 701071871
11 571221115
02 440821716
21 592920517
12 672226059
03 343625090
13 706676925
04 300131828
22 353296177
14 852646192
05 353357150
23 319818879
15 882996694
06 344797517
16 835050644
07 476962165
17 448189136
08 340929946
18 486310356
09 407874770
19 450735054
00 376337713
10 411189672
01 382907153
20 407607301
11 386525491
02 449078785
21 368217887
12 430175788
03 384689930
13 444041925
04 447633362
22 528211726
14 381994840
05 361153582
23 412511919
15 471126555
06 373955965
16 456144685
07 346413705
17 463852298
08 307490183
18 574160221
09 265533460
19 485425716
00 266927078
10 272640050
01 299525728
20 375184264
11 294956571
02 287125379
21 361042575
12 510358077
03 315336585
13 518056520
04 295149556
22 319408080
14 446901588
05 279591480
23 312620840
15 424782528
06 40932593
16 510472846
07 254184906
17 480335838
08 246796715
18 537272667
09 256243085
19 587339773
00 378794917
10 220684525
01 180342900
20 532652948
11 92833012
02 117841547
21 438621070
12 482523736
03 230578650
13 643154558
04 135820526
22 315201789
14 514076494
05 238146190
23 284312512
15 574896909
06 326476860
16 560075733
07 214507441
17 697968652
08 600807827
18 645530300
09 711023367
19 816045463
00 398678317
10 628946811
01 454713450
20 736602861
11 685721475
02 504807321
21 1738362275
12 759023552
03 498817491
13 798644808
04 487703281
22 447313539
14 716931076
05 498363655
23 404254542
15 761680438
06 532692820
16 768207097
07 547538015
17 804384394
08 852666151
18 762832769
09 845578183
19 634958059
00 547830539
10 867055953
01 473673886
20 580315220
11 828062102
02 442265746
21 662044257
12 1137247252
03 470131664
13 1029413074
04 434304539
22 613948263
14 885512944
05 472125293
23 510330623
15 898966272
06 577344489
16 906326613
07 702006777
17 1107242518
08 244280279
18 1213630445
09 320388485
19 1220490704
00 337199317
10 551458505
01 388504385
20 1059824823
11 514686889
02 357439297
21 979491300
12 616410631
03 362446872
13 687911047
04 313092244
22 369828127
14 677922069
05 316284855
23 376832718
15 687036942
06 273445788
16 942994335
07 317218011
17 1256695494
08 933899127
18 1313022183
09 1050063274
19 1173395332
00 855142960
10 1027568505
01 823765178
20 1210594126
11 1165521474
02 776723888
21 985376959
12 1259557168
03 818609190
13 1297101896
04 688291158
22 898160211
14 1320854531
05 655317584
23 801343544
15 1363584816
06 767004221
16 1372864448
07 848937719
17 976153615
08 771923500
18 915880261
09 714586816
19 874458700
00 654621345
10 711562933
01 847369158
20 723159329
11 617964208
02 697110403
21 760449825
12 688173358
03 621298830
13 831085450
04 616435215
22 986075519
14 913170062
05 499227274
23 785928047
15 927828089
06 478448925
16 1006533399
07 645540964
17 837462665
08 577217768
18 898857522
09 631774736
19 838332010
00 567823132
10 699858622
01 542571375
20 821951269
11 743398325
02 637634586
21 763820123
12 735762650
03 570077719
13 749184893
04 534626342
22 807600383
14 830571087
05 523163374
23 648999029
15 873395047
06 487364601
16 871988092
07 570932155
17 1196791120
08 1092599320
18 938331534
09 1169662179
19 883554592
00 671657032
10 1167245611
01 806449783
20 941063906
11 1324173410
02 923814164
21 855750770
12 1275936435
03 827291658
13 1313879407
04 856257907
22 767846757
14 1293023024
05 854767735
23 692278114
15 1378189853
06 845924813
16 1427085794
07 989695022
17 529329134
08 329892615
18 505185888
09 400387726
19 464999724
00 287680489
10 347766756
01 277571035
20 408315312
11 387003244
02 330161190
21 359256605
12 444817188
03 279389526
13 444777154
04 306755989
22 353140806
14 557015054
05 226823927
23 322185049
15 569218379
06 261148516
16 505876783
07 246276671
17 313976960
08 202239221
18 396271308
09 241954034
19 425213412
00 266137196
10 184797044
01 200771584
20 309152137
11 222053328
02 204033186
21 257652618
12 243156345
03 257112864
13 299142731
04 222705777
22 259079956
14 348484789
05 206378540
23 290530219
15 317896789
06 153545127
16 388121188
07 193207685
17 402583185
08 179827417
18 336494849
09 211307726
19 306024333
00 204565106
10 245502085
01 246944156
20 292598202
11 255044932
02 248260918
21 272043545
12 220575610
03 247605369
13 266868018
04 241787053
22 216785946
14 355087322
05 232151563
23 243334923
15 315330206
06 231982818
16 364587570
07 160691214
17 528233857
08 346099808
18 589198195
09 345525066
19 512541606
00 228127954
10 395736602
01 230843382
20 502632375
11 415245248
02 261605393
21 526623540
12 464589965
03 247505901
13 527901247
04 205288203
22 290497981
14 678032050
05 283846304
23 233581561
15 588953396
06 266967291
16 608582644
07 302653193
